16
19
20
23
23
24
24
27
28
28
31
31
31
31
35
35
36
39
39
39
40
43
44
44
47
47
48
48
51
51
52
52
55
55
56
56
56
59
59
60
60
63
63
63
63
63
63
63
63
68
68
71
71
72
72
75
76
76
79
79
79
79
80
83
83
84
84
87
87
88
88
88
91
91
92
92
92
95
96
96
96
99
99
99
100
100
103
103
103
104
104
107
107
107
108
108
108
111
111
112
112
112
115
115
115
115
116
116
119
119
119
120
120
120
120
123
123
123
123
124
124
124
127
127
127
127
127
128
128
131
131
132
132
135
135
135
136
136
139
139
140
140
143
143
143
143
144
144
147
147
147
148
148
151
151
151
152
152
152
155
155
155
156
156
156
156
159
159
159
159
159
159
159
160
163
163
163
164
164
167
167
167
167
168
168
168
171
171
171
171
172
172
172
172
175
175
175
175
176
176
176
176
179
179
179
179
180
180
180
180
180
183
183
183
183
183
183
184
184
184
184
184
184
187
187
187
187
187
187
188
188
188
192
192
192
192
192
192
192
192
195
195
195
195
195
196
196
196
199
199
199
199
199
199
199
199
200
200
200
200
200
200
203
203
203
203
203
203
203
203
204
204
204
204
204
204
204
204
204
204
204
204
204
204
207
204
204
204
204
203
203
203
200
200
200
200
200
200
199
199
199
199
199
199
199
199
196
196
196
196
196
196
196
196
196
195
195
195
195
195
195
195
195
195
195
195
195
195
195
195
195
192